# scatter scaling factors (axial) for segment 11
0.000016
0.000016
0.000016
0.000016
0.000016
0.000017
0.000017
0.000017
0.000017
0.000017
0.000017
0.000017
0.000017
0.000017
0.000018
0.000018
0.000018
0.000018
0.000018
0.000018
0.000017
0.000017
0.000017
0.000017
0.000017
0.000016
0.000016
0.000016
0.000016
0.000017
0.000017
0.000017
0.000017
0.000017
0.000017
0.000017
0.000017
0.000017
0.000017
0.000017
0.000017
0.000017
0.000017
0.000017
0.000017
0.000017
0.000017
0.000017
0.000017
0.000017
0.000017
0.000016
0.000016
